2652
3000
934
521
490
939
2503
2881
2762
3482
560
1005
2702
688
2550
901
2941
867
545
802
537
1565
2388
2125
482
2517
2367
797
2289
1700
640
641
946
718
707
591
424
744
754
1167
385
1479
2069
1589
453
925
549
3157
5525
1367
881
765
1610
558
2178
839
587
3730
407
1082
520
1107
411
1067
664
5951
3025
2086
621
8398
8636
548
800
810
3478
574
528
2067
489
504
1751
511
1809
629
807
2761
1086
3273
3325
500
888
473
1045
1078
2538
1088
887
4130
2163
1032
317
9771
1976
773
527
3994
2838
1207
673
3458
577
469
6593
1230
4261
1230
679
545
990
188
556
456
330
5352
1666
1404
2403
1436
2513
2268
1517
2574
644
382
4315
2421
421
752
712
391
374
1894
698
1477
1210
663
3088
424
2025
798
5310
2559
1630
6758
545
3026
2067
2651
942
3251
357
1853
746
648
574
671
2455
1161
741
14667
472
668
4200
468
2916
974
2076
1866
2590
509
2761
2806
4702
540
7092
557
3441
1337
708
766
1222
849
1589
643
355
333
686
736
2646
2578
625
495
547
699
1889
2099
516
707
662
7054
535
7083
575
2634
623
3198
803
3731
889
1145
535
770
925
648
2198
4093
451
577
1230
673
1764
963
2256
1624
545
1041
574
541
630
978
2413
510
1361
1547
510
667
4076
2750
1945
637
1970
1125
1798
528
552
585
403
737
562
534
650
531
663
570
729
1770
708
2054
623
479
1113
3549
917
3766
557
1264
2171
736
939
696
2183
796
1989
2825
361
2048
1430
692
4597
1318
566
2010
595
625
5654
2355
587
722
1992
789
1535
917
870
679
6253
1037
2231
483
561
340
689
1918
498
1173
431
1963
1264
444
429
2625
338
2923
367
526
157
560
546
1965
443
2347
687
2582
3528
665
696
546
289
635
1742
4692
2579
2541
1549
2541
2078
670
489
390
2012
452
1164
779
1404
893
474
785
7020
329
4488
4996
884
3779
1993
5984
765
970
544
9557
2449
3084
1068
1117
2471
2157
1900
2386
748
578
302
692
736
3486
1133
1914
918
706
2595
1028
478
3241
2246
2503
696
1041
781
335
760
434
905
551
889
553
1241
562
971
570
1222
2295
434
3005
833
2865
401
935
3810
1913
1031
1460
445
442
2028
1595
1701
5001
2161
3058
6545
2205
3078
4560
1238
2226
3287
2450
1224
645
749
587
2998
846
2551
977
2222
1556
521
1349
820
2388
244
488
778
1649
4237
625
555
830
478
1013
475
574
1151
1965
532
2061
2015
91667
1353
399
429
744
2311
2709
594
500
2883
660
150
3828
587
787
574
311
684
2790
501
491
590
565
70
125
594
75
923
391
853
452
544
22743
8708
397
2792
453
711
470
739
791
503
726
976
367
554
447
4233
2450
388
1824
3361
1695
752
285
428
2493
506
599
4192
686
1789
437
658
1516
766
581
593
628
5113
692
4140
964
640
598
1359
523
667
507
632
3370
2471
2792
3994
3170
2338
629
287
3514
700
422
2196
657
1097
2086
749
1972
4388
615
2508
3956
649
1746
5428
5391
525
578
2549
679
191
688
1106
2179
2791
277
713
2114
675
680
4166
4713
896
2094
542
647
1044
1693
529
1571
775
1408
1389
2680
3942
1369
735
565
434
882
403
542
437
2355
699
451
563
462
777
785
883
1431
1256
375
569
3632
1898
862
656
525
3357
3722
738
809
1469
507
946
930
751
575
2088
570
501
1597
4196
1170
1901
575
569
484
5618
796
1920
321
557
4972
495
376
1710
1351
764
588
897
542
3796
1878
386
717
2225
3491
2032
2908
1499
872
723
3829
478
492
1398
5425
472
858
591
2322
3243
2852
747
2108
1991
975
2117
2867
785
531
2469
2301
446
502
668
535
4714
479
581
898
1465
579
671
200
652
720
814
283
1751
550
1870
611
368
777
693
469
1367
518
489
4059
871
1077
1531
1512
3030
889
206
385
635
289
566
828
4063
1404
552
535
611
811
3816
663
2518
965
535
1447
445
1602
1108
1236
557
2530
1451
2351
701
792
970
1450
1097
732
789
3047
4020
594
729
334
385
846
542
2017
532
625
1093
653
424
426
709
612
297
606
304
560
1053
510
510
874
1972
801
1293
2465
2530
542
1396
1225
3354
691
620
500
1533
1778
3148
4374
2325
1135
2155
1183
415
206
1430
789
572
553
758
483
2154
2520
492
674
4325
1212
492
953
964
2663
598
3844
1168
795
1858
581
592
539
1736
732
475
2562
2677
3910
3213
720
2590
3413
2926
435
1124
614
504
456
627
342
580
788
3264
2001
3626
1838
3321
530
821
529
1949
430
2288
409
731
533
2147
1495
4934
579
2598
547
567
543
380
1137
510
1379
2028
1665
669
2768
730
1024
6510
510
2481
295
544
4818
1656
547
494
1762
553
1445
3951
1318
463
449
3026
821
3971
494
559
721
3828
549
601
400
1337
781
2147
511
1790
2677
336
207
3907
549
3022
3177
260
2421
1588
575
592
1580
2242
590
369
679
1666
798
566
800
716
2693
596
7430
522
1845
1539
871
1753
559
985
1806
2056
1755
542
2626
459
422
846
1065
626
874
512
474
439
583
474
1938
498
770
5553
4554
1112
674
2374
171
3679
1982
1537
347
461
3243
3077
1231
513
1871
776
637
2673
1486
699
581
446
681
840
1514
504
3703
2306
504
656
2266
1050
1121
493
491
1083
552
499
899
391
287
1103
465
1961
462
638
1661
668
488
429
1298
456
860
784
1790
743
2930
594
719
2890
754
1796
2100
2569
570
1077
2003
3152
2262
501
826
560
2183
622
673
294
267
2927
3939
575
396
2910
192
687
2630
566
1270
1436
483
428
963
2100
468
715
670
2845
538
4281
2483
840
776
1338
321
1841
1603
466
786
429
247
631
560
229
719
475
833
400
717
2527
890
3175
230
3287
1812
399
556
1717
367
4399
569
3133
338
815
1977
529
479
2682
782
563
1895
450
555
2368
1810
1195
1190
642
1714
1605
1049
673
1771
1388
1455
2034
1875
2315
780
818
1003
855
296
553
739
720
474
2876
745
389
735
440
1169
772
4382
1609
1639
2117
567
565
1954
768
2553
1762
571
3289
2637
779
3463
433
829
362
661
2738
583
1585
564
472
565
1913
746
392
3071
3568
511
556
520
686
293
438
355
1983
906
491
4000
270
458
465
565
252
3117
2987
432
546
460
2001
432
403
883
8328
1742
1966
308
2480
3666
656
4453
497
511
659
2198
1016
3911
823
585
427
1392
2197
1360
1580
3653
1462
482
556
301
2193
2550
3199
829
690
1402
470
1316
188
296
562
1969
715
293
343
511
3263
360
2155
596
548
375
219
3962
964
4060
3681
2239
423
4158
553
1271
549
441
1385
4258
679
501
2130
3059
495
2517
5402
2567
890
1831
1539
4912
356
986
478
1542
529
2701
764
1462
1482
569
2437
943
2250
4587
927
802
3280
681
801
928
562
2908
794
2233
520
2228
641
4651
520
461
3507
967
4354
912
2193
686
642
694
2523
2283
2855
4328
1699
2214
2097
583
526
373
4833
1856
3754
472
2032
6043
662
2030
2233
546
264
353
630
910
1433
1080
461
527
491
1932
357
2989
2083
2949
670
2349
679
640
855
515
816
2198
3000
515
1379
2078
945
450
925
2715
2175
1063
305
5053
37027
905
3685
2086
2079
2907
3062
3018
655
792
2032
2031
2666
983
1731
913
667
728
877
783
875
661
1843
588
819
700
1430
423
1544
706
2189
603
434
1121
806
1227
784
6445
983
975
431
954
6203
711
2097
273
647
5590
1439
4647
945
1818
827
767
914
1403
461
694
825
928
1032
849
2539
899
445
1854
4004
1530
1733
921
945
3447
713
2672
1201
3189
2030
1000
3475
583
488
1623
502
727
570
1180
411
597
4014
905
3715
2835
3788
2547
2671
754
1117
792
1101
814
1390
772
1676
2314
2723
926
4212
334
3262
665
748
2821
768
639
2583
1275
715
521
816
575
2183
3115
679
1083
828
504
718
1029
682
1729
539
1106
1121
1359
1950
1912
2553
1399
915
5337
582
1087
830
1215
965
5012
664
482
3447
1943
312
580
569
5294
551
871
920
2936
3870
2367
2817
3099
922
1473
4203
466
766
930
4010
590
1054
767
395
666
2570
2303
1015
2229
3934
718
544
352
773
3256
2173
702
2567
677
2037
447
966
527
1524
654
3949
993
1777
1186
788
1201
2414
825
396
975
1200
320
685
941
682
609
1018
632
2934
5725
633
950
818
374
530
941
2018
3080
506
981
720
500
760
1044
600
936
868
6369
3637
3200
3218
665
729
2657
2531
2805
226
1156
4818
1621
779
1613
3034
3327
1196
524
677
708
1764
4406
512
1926
653
661
2712
802
686
2692
920
1633
1149
3345
1729
504
648
1199
1260
632
783
1019
4799
666
9433
1253
701
734
681
1951
750
2161
1647
1518
2199
2043
884
1879
792
609
680
1779
1562
748
467
711
1521
1534
730
623
609
547
3404
1585
1244
3728
1882
1040
5077
1364
2503
3368
1551
1796
1894
877
678
5024
4332
1014
3383
470
680
3596
1063
980
5766
521
2062
3229
579
395
3842
639
2415
487
2436
3180
1632
1527
999
1656
549
1656
1096
826
616
663
4612
1110
793
973
545
1546
2238
1680
869
1003
1347
703
893
566
949
882
643
616
479
531
579
956
1094
726
541
520
625
543
872
1419
822
853
1306
780
820
1111
3594
2146
1052
1042
1444
517
1833
1085
1817
1006
1537
2120
784
514
607
574
1155
587
3482
1068
4559
658
513
1627
5294
1012
448
960
1084
4866
5788
1539
6870
1662
801
2694
513
914
796
824
1245
813
720
964
2095
728
2636
740
2066
593
885
2696
1083
6254
881
645
3349
2400
727
718
795
2976
7039
850
2077
5566
1193
2630
3775
1847
499
2115
975
2385
906
1084
870
888
1059
2519
4126
4046
657
1637
2872
735
564
4765
515
1705
834
1791
1131
1454
1070
9023
394
587
1713
4891
889
673
545
896
4371
609
505
769
2487
542
2257
879
680
1275
4697
355
5091
846
5036
4290
1571
740
920
2329
3142
6291
978
473
908
2895
434
1827
2035
1719
547
1108
751
3218
5053
1819
1526
515
585
444
894
605
709
701
1415
1345
808
1725
589
536
540
1625
1863
1916
3146
1163
2183
829
2006
940
2511
4399
4062
643
2963
3666
492
1009
795
1924
5100
1667
3454
2937
1762
4005
726
2762
641
667
1759
1407
1874
803
1177
903
793
5234
1552
602
607
609
1551
3851
486
568
8633
2751
730
1292
3857
414
654
740
647
544
3870
749
704
805
623
2036
580
5582
3157
1011
665
1045
4033
2738
587
494
827
3102
2236
831
729
907
611
480
498
1695
735
1624
1443
646
546
841
548
3043
5579
3700
953
677
3634
6828
887
1980
2300
3180
5138
624
3605
1001
834
559
1303
615
542
612
806
779
761
1638
2077
585
569
1472
2664
906
527
2151
500
889
569
755
1584
386
562
485
658
1619
631
728
508
500
662
2818
667
847
1499
526
661
518
714
997
582
576
512
724
1135
834
455
465
579
558
1561
3797
540
6939
713
1209
923
1418
602
996
1979
674
737
4771
671
641
983
846
743
2271
674
9075
656
796
903
2208
555
553
545
6074
1227
1533
479
1827
3684
911
2436
460
1277
469
5549
3768
1333
555
772
1517
2306
616
684
1498
8632
659
604
2193
543
648
527
936
463
499
2068
931
4025
5795
4342
584
593
819
672
845
444
1865
5059
556
1147
2220
989
520
386
2835
833
1452
1479
5278
744
632
1554
625
1861
1759
835
1927
533
664
559
1776
976
530
6454
1408
651
565
1099
805
3479
2902
2755
522
742
3099
2637
779
701
2455
1305
426
2934
489
2018
1289
669
662
1497
1038
739
545
2363
662
321
781
552
709
576
854
886
2371
502
574
2908
539
566
541
1070
742
3202
606
936
461
11539
595
3272
584
736
644
1871
747
599
794
1216
630
6410
667
1112
559
1436
2143
563
689
1080
583
1758
4641
599
699
769
1247
923
993
2488
1033
811
1139
4130
851
717
1386
2367
552
672
1462
505
747
3648
510
496
884
598
1600
537
559
5160
2501
583
555
577
655
587
5094
6851
583
1935
1850
527
630
1782
2183
539
758
3540
564
2130
853
661
1488
3627
485
561
582
842
539
1268
817
643
909
815
488
2999
764
552
1675
2392
2070
747
605
4989
755
2726
556
736
767
567
535
945
914
881
4035
511
551
590
693
567
374
915
593
527
6124
723
1355
478
890
1130
2042
737
1041
557
596
719
486
547
435
717
1436
616
559
784
714
9683
804
940
2730
569
649
576
578
730
869
709
4214
858
441
1330
7005
695
723
584
605
538
385
846
644
742
978
1771
907
552
624
878
583
547
919
2533
484
679
733
1069
615
576
1079
2274
650
3291
589
719
546
688
568
577
729
1065
2387
562
1911
580
563
696
863
627
668
1048
561
357
3313
5379
1946
2407
2065
2333
785
2345
2186
823
4013
713
584
726
3365
660
2012
1024
878
1176
578
699
841
817
1576
802
1030
683
484
456
580
575
955
878
1128
2443
1684
1363
516
730
1323
1746
4308
1392
950
2554
577
499
2097
807
570
2450
2696
689
2831
832
2080
435
648
1679
1831
555
2766
584
908
653
557
458
723
664
854
1900
880
1037
2485
3052
2288
2416
1443
1075
1166
795
820
2590
3525
579
899
3224
608
4605
4509
822
780
666
687
591
1811
581
1097
566
342
6947
804
869
949
3941
2593
820
812
2022
900
2456
2531
1995
583
1078
2320
2441
540
1416
678
718
1072
765
4231
640
2249
706
636
3748
2282
1554
561
597
725
2490
627
1383
538
774
359
1905
582
602
2141
2146
1271
853
2621
1555
1260
2527
695
427
1486
917
1820
2318
790
1711
1533
873
4114
3926
980
1705
880
3059
1760
758
3695
1440
574
1234
2589
671
567
631
5640
1405
768
886
777
1871
5667
1048
1202
611
516
3175
3040
1360
406
855
404
768
805
1503
1759
2741
469
2871
5283
4680
1512
551
1074
502
754
323
1679
577
2513
2475
5298
1259
582
675
578
591
538
3959
538
559
648
1813
3272
1017
2115
799
769
548
1493
931
654
4246
530
1861
1339
965
737
840
681
1518
545
5267
622
8461
789
754
3466
1046
2555
1487
1937
712
710
660
807
1426
565
760
551
901
701
431
1015
596
687
8437
1822
722
4228
529
1447
567
789
587
3973
566
591
2579
9066
693
653
3238
872
1859
526
507
583
4868
837
502
672
643
576
590
546
579
651
680
1552
659
801
1891
417
1305
402
917
586
2653
896
464
806
2272
534
570
1577
2403
838
829
856
569
465
904
363
4158
649
782
837
520
393
553
2258
397
1088
1267
730
550
1198
866
1276
1958
2806
662
3115
422
566
632
767
911
826
3934
1273
819
427
11067
719
1451
2353
562
6128
733
555
2024
579
2700
1940
792
502
581
1799
1283
3360
554
5356
4615
3061
2100
880
680
710
1139
506
678
558
743
620
1919
459
673
729
899
836
562
828
963
659
3368
2126
1024
476
1099
545
2453
967
609
677
3677
2820
836
526
1060
521
553
976
501
579
479
749
709
888
609
795
1096
1278
854
564
684
872
521
524
708
800
964
3158
5347
683
3689
838
1172
689
622
2220
1947
629
1758
564
1812
4492
3121
763
3100
774
1444
4819
558
2172
690
1738
574
624
416
1653
1573
2535
2136
429
3010
1600
780
3241
4079
1960
2764
1667
7719
563
700
663
1343
2590
2023
584
812
527
405
1128
635
741
1027
801
455
1016
781
887
879
807
5009
2870
1903
569
429
935
2050
1871
2938
949
585
2513
584
577
612
2175
781
724
2419
3546
785
3051
574
1219
570
2550
1940
1288
432
560
599
2744
529
2177
528
768
1567
3248
3004
563
539
5176
933
623
689
925
1107
2614
1083
2717
1914
1360
1075
2300
956
624
5011
650
1161
1425
2532
610
636
1549
781
2169
567
3995
5234
1240
1995
657
3348
2742
438
1464
3315
490
682
1918
4572
8076
3245
851
1196
1222
2962
2243
1306
2083
6260
2348
1922
898
1058
623
788
1220
842
569
790
3141
557
2577
604
471
578
581
4973
571
1354
282
570
3125
853
663
5083
538
1189
458
333
769
477
2253
2448
4809
485
6779
764
2492
447
515
2570
3880
739
2348
4212
9669
2639
596
1593
2858
504
1604
797
6072
1127
1780
831
679
706
594
1180
2155
6376
625
543
2085
549
2674
1934
3543
633
762
2656
874
2261
1302
4299
4200
723
1164
849
1757
3358
1903
594
724
723
608
789
2169
1026
563
2605
628
1052
487
1304
735
5827
806
648
629
928
1910
4911
2115
1528
414
548
1216
2646
1393
2546
1055
591
549
784
688
1666
2895
592
854
1242
421
576
630
1484
5365
1876
1790
1139
746
595
550
4979
614
1467
2229
582
1963
1048
4065
911
1677
401
3028
1124
2215
1140
580
1753
755
3424
3091
6208
574
579
8729
4088
1526
766
686
1134
553
1441
1284
2234
583
3466
721
962
752
634
1475
3530
559
578
3245
1726
479
2185
1878
304
1786
1184
1430
661
586
584
392
1725
2103
1124
829
793
887
1106
4374
606
395
681
750
692
1200
1735
1331
803
772
1666
1045
4997
895
2056
504
752
1247
515
902
1828
2936
2024
806
1004
448
487
607
825
574
429
435
1170
642
637
1447
3837
1248
618
836
1636
2087
4244
1584
3009
1250
610
1936
1392
593
797
1088
2788
693
632
468
567
632
3888
603
736
1417
683
2933
1781
637
2345
694
660
480
536
1952
903
2069
3453
572
1430
718
793
1370
11072
795
2119
1115
2737
1572
2726
5509
619
6393
1720
1052
658
1726
2352
429
513
610
483
585
644
800
548
650
895
530
4270
1477
961
1314
1971
399
548
586
810
774
571
745
482
390
589
858
1892
1091
801
2243
461
3617
627
611
2953
1426
735
3056
4590
4602
4599
561
1419
1765
998
4938
564
2594
5607
3518
838
3585
2319
1006
2793
620
618
2429
975
1429
661
398
777
5098
731
578
3256
612
575
923
643
602
591
783
1186
3778
777
817
774
1382
3312
788
919
721
2340
543
734
2484
807
684
448
2988
557
552
4895
637
1598
686
994
493
773
721
1124
616
1286
1416
796
576
683
1516
1891
1000
552
848
909
425
2774
838
513
1385
712
823
1536
744
1285
1878
717
1517
552
824
1249
984
584
543
602
1454
668
1766
657
697
706
1919
542
1954
1904
888
1557
470
2241
1574
2496
814
3241
1042
434
2833
1094
7812
3030
768
654
2137
344
1589
1251
3341
1602
8061
646
622
3274
498
2796
2394
891
810
3115
339
546
2266
2120
741
688
777
659
1668
789
3297
2077
687
950
2899
4137
1052
1182
3100
4799
3909
1334
754
1723
522
1093
1797
606
445
892
916
2823
629
1350
1038
3039
782
863
1005
583
936
1903
2654
1906
2332
950
863
1909
815
894
568
866
5269
2021
2705
871
565
968
1915
751
2645
702
734
862
762
432
643
1848
916
1054
2447
3774
7384
634
585
5380
597
1400
3462
731
1032
531
1660
531
1153
540
4138
6515
703
2696
462
528
796
721
2038
3268
418
601
3322
681
803
2465
2159
561
728
3595
5412
585
1030
4655
793
6227
574
1011
790
6651
1579
612
5173
1914
501
445
4051
2041
569
5537
721
2740
750
768
717
738
636
835
770
618
2501
816
4042
677
689
3328
721
941
1704
3433
1866
1500
582
961
4675
2158
1236
647
890
779
2553
2676
553
613
887
740
604
782
3621
891
598
907
505
642
1784
915
538
258
1290
2070
531
3756
3449
782
929
981
2238
1636
2950
1090
623
633
711
437
574
512
578
1284
583
593
737
762
354
648
1089
563
716
1096
576
548
1078
735
373
6190
712
3154
2221
508
1212
2887
5091
2284
2891
1622
780
875
457
600
1484
1807
683
2146
703
560
1907
2975
502
621
632
555
582
2966
823
560
3785
1504
2734
1220
2686
561
550
563
777
782
5017
502
907
558
655
1942
2880
571
930
602
414
1144
1709
617
670
4820
4146
4293
1830
797
1233
1329
582
890
1125
450
498
294
949
944
577
2016
982
1570
1669
1174
503
1085
843
666
784
2559
975
2733
687
6372
537
629
255
808
6952
2769
2865
596
555
849
857
354
882
2451
1231
683
2734
443
795
2649
897
556
673
691
1755
552
1041
1532
822
1369
571
5070
579
3700
512
691
632
1732
872
718
555
2529
912
2159
6094
2574
2000
2947
1541
933
1393
560
1160
545
1602
5428
1303
691
783
4163
2170
2503
753
824
715
583
703
1831
1858
1570
648
1455
783
570
1041
606
572
605
4778
840
3786
553
980
601
1993
2332
707
2261
3488
3882
747
561
547
2925
734
854
3957
667
781
601
641
6618
1058
568
731
579
5737
839
608
571
331
687
305
510
2017
5626
1943
4528
1942
573
543
716
678
730
3056
1583
3185
928
1115
1524
6530
483
646
397
1129
573
2477
536
631
875
4044
2159
2493
1405
703
1219
3569
1342
1958
1668
1509
3033
883
872
395
717
1193
2332
576
857
1059
1506
569
2326
1568
662
1075
1034
1870
1271
962
584
577
776
598
767
324
1689
4030
1447
662
549
546
695
728
785
411
589
9042
711
3019
582
1723
2866
572
760
503
531
2011
559
521
2051
2199
1579
1997
570
879
719
3182
2756
2897
1661
535
7943
1792
460
950
559
744
951
1847
989
1447
1185
632
3343
2588
1862
1491
550
2232
1815
860
5051
1649
583
717
783
610
1549
540
941
782
664
501
626
1692
2121
521
1127
3395
2934
1626
398
5253
812
2360
3170
3328
2049
852
2334
503
1753
3503
1642
1246
1203
487
655
7557
1905
1690
1446
567
766
556
649
883
635
784
3989
1202
377
680
453
1723
666
559
351
823
713
1748
1760
3565
1878
2130
619
520
877
574
819
625
580
565
686
817
1267
2959
582
589
540
613
426
582
448
2042
485
872
384
1959
700
719
358
794
1524
685
885
3873
1903
1101
3661
786
631
557
487
1943
485
623
874
491
659
734
2450
1712
470
551
1434
563
481
550
423
1684
584
618
737
4777
524
686
2500
2148
2949
1817
676
3715
571
1834
535
563
978
776
1451
617
1964
601
437
10744
986
617
784
2800
604
325
3362
557
446
1916
801
593
864
561
4663
838
3510
579
715
4358
637
1879
2472
497
802
1474
1144
515
412
1112
672
1129
596
761
3244
4581
1626
745
543
792
661
492
996
488
389
563
3659
504
2682
1347
537
889
575
404
1172
1540
413
518
796
1003
1446
1237
633
467
873
542
879
1014
869
1227
681
822
467
636
711
664
1332
577
550
5247
1678
1848
551
1335
1680
419
762
2733
3611
819
925
564
1968
606
835
1687
868
3673
1596
2273
1055
978
1701
2186
4697
745
2335
1134
1329
340
705
804
1952
2599
4346
802
796
840
753
306
4871
680
5335
863
592
1309
773
730
652
3621
666
6216
681
3513
668
833
676
2535
480
1092
1582
807
868
904
3070
5636
1324
518
1672
714
1974
1219
1704
2229
3654
717
3071
2591
768
2649
4137
587
1689
722
902
690
805
2209
715
1903
2386
2001
551
1765
1623
475
1030
620
476
813
611
4829
826
1490
946
697
3088
882
4636
2836
2291
426
1701
1323
4398
2716
704
684
2723
675
2516
728
2971
715
1479
1538
2966
4982
2424
1654
824
780
2069
3115
5070
784
1408
3088
7062
7036
502
456
800
3823
389
824
2435
4006
4718
3257
1019
573
800
461
2498
1448
743
734
2983
2643
713
1969
1750
1497
1156
3334
4578
3411
3688
2747
1079
1538
888
4303
711
879
3500
1501
595
666
2047
996
2990
3947
3003
1266
716
650
5964
1325
935
569
733
701
528
710
6564
4858
2078
499
2849
1629
677
736
1013
803
956
753
723
2218
1029
646
460
3378
898
4619
378
5689
720
911
831
490
576
702
1977
709
532
3459
3398
545
957
762
823
926
1057
715
833
727
5101
628
4769
810
5730
1981
851
2114
2934
5010
626
1282
1357
735
3328
2603
809
839
3201
545
775
1829
1585
882
1409
656
756
714
705
482
4537
1036
858
3253
738
622
1567
676
595
2848
817
1078
4512
623
476
933
434
410
685
3180
4587
642
383
1609
788
578
2959
1933
1030
2457
605
618
3639
753
717
740
3008
2667
476
745
552
443
612
340
741
1513
3474
876
873
816
932
2173
586
2913
562
497
799
1625
2514
4405
1530
2027
2052
1201
695
1966
739
660
782
461
807
663
1763
1613
4339
1685
3141
2076
3781
1064
3333
540
1349
1332
2033
538
478
888
928
794
575
908
3397
672
462
6451
758
2116
579
556
2844
1919
457
866
648
2418
600
4513
1202
3369
871
447
2320
6935
457
871
3923
896
1022
821
719
750
2058
2215
2939
1899
878
983
2455
2703
660
726
4354
772
763
747
2122
6514
3455
3337
1464
868
1876
536
1325
609
1072
4189
1848
2225
857
727
1714
962
360
582
684
3712
903
4094
745
655
877
769
284
2163
3727
2726
2601
838
2670
2059
440
2130
560
732
1311
592
6423
3981
712
1110
819
383
2967
1721
768
4241
11051
1576
961
854
469
1807
596
975
1108
490
1146
782
1224
1048
1214
704
895
1522
3422
1568
524
5695
578
945
744
1433
803
1145
3149
5736
1921
1545
733
832
1092
953
3128
665
965
2627
892
578
588
876
687
709
1450
710
313
713
585
968
527
684
3807
805
890
851
664
544
841
1289
706
764
3391
1054
3327
957
1344
852
809
1475
726
448
5223
297
513
625
604
723
578
465
1131
587
1640
779
902
702
7396
593
897
8477
1109
576
1266
1221
3665
2325
575
355
2101
317
2429
657
1027
2074
1275
1510
1288
441
995
719
595
1736
2109
5163
4290
4766
3417
512
437
1961
494
749
818
547
715
424
584
2266
574
705
881
2558
883
419
994
725
580
3111
1710
1756
3180
451
592
4102
1967
937
890
832
714
1823
3553
580
549
1263
1014
980
930
582
1537
626
5952
582
486
1778
440
1697
469
580
848
1751
1788
3344
4202
991
615
574
1488
779
1959
2013
506
558
572
2839
835
5699
2052
1692
776
469
405
983
3698
579
5064
699
390
3285
577
2288
943
4001
585
858
857
400
1023
548
269
243
1920
1407
554
1035
559
1259
3949
772
876
1015
920
3946
527
677
704
463
2114
875
1191
786
795
2392
1362
1012
802
1027
1125
775
518
690
580
1279
1573
896
619
713
1409
793
571
7105
3628
215
845
647
692
757
1132
1559
751
753
530
586
432
548
3755
991
541
963
2509
506
1967
3547
777
1426
1011
1566
324
810
1270
1550
1187
538
1458
714
967
578
588
635
923
2431
477
833
353
842
524
556
533
586
687
1235
617
764
479
2000
2287
553
775
575
567
996
479
990
2202
2796
1346
1481
550
994
1492
587
2174
2669
699
922
349
389
2045
769
544
340
772
1643
639
660
4329
511
478
643
929
878
953
495
1382
566
1888
3770
725
354
628
1273
643
4329
905
713
613
4805
888
889
744
737
1356
2278
2750
760
2737
2546
446
1878
690
4533
349
1415
595
467
1030
767
948
1252
2383
999
1007
388
508
898
1513
568
6707
9542
562
1332
670
2206
1437
2118
943
805
571
795
625
892
567
716
867
729
565
947
3054
850
2143
501
1312
2846
513
2149
477
720
2086
1669
1936
817
1411
1614
999
2850
3930
1913
2258
3032
2782
740
3384
4949
1106
3086
873
542
1803
784
2453
1825
2245
2474
2231
5289
3687
539
3096
3363
773
1558
835
2338
1902
1547
572
618
449
727
470
818
512
770
1424
581
2361
1084
441
2695
397
538
582
985
438
820
1496
416
980
309
571
661
532
4296
562
577
2676
863
560
572
255
571
2142
1381
4774
2220
549
585
1751
897
2375
597
897
460
2011
1039
577
857
1918
785
494
1858
1698
1619
909
2072
1771
2451
579
562
554
487
538
850
549
460
2790
244
580
1720
559
557
1894
425
565
758
400
738
1723
6128
2326
1962
2349
1321
571
571
1757
871
3082
3328
1937
1211
576
566
612
576
5955
4356
1336
891
3763
723
2149
1024
569
326
562
3645
2017
6464
869
793
939
959
576
859
835
984
1800
840
1652
2059
646
697
2494
841
536
580
583
3514
745
4076
618
685
1508
1811
1045
1859
2362
2639
671
2091
1875
1387
2092
523
871
590
635
712
1779
2038
414
7603
755
1919
3109
1132
1609
860
2039
2943
1505
675
778
757
367
1229
1259
607
1258
726
438
2774
1073
607
1367
1530
2511
623
3289
694
469
3577
452
796
1411
793
621
585
603
4376
1484
614
814
957
542
456
1381
2318
465
2175
2007
1369
802
2107
3196
748
644
1884
608
1840
453
609
1500
488
694
1668
1096
2762
689
1368
759
579
1549
5652
2441
984
513
1030
906
506
1177
984
409
3586
527
2209
701
678
726
697
2229
827
704
2189
438
587
1771
672
771
661
667
815
632
724
482
897
679
4527
646
565
1959
2038
2207
486
504
542
569
3018
692
3733
1403
276
591
2232
538
1818
815
1841
539
2756
3162
1825
713
756
1368
3492
559
1715
429
3948
470
580
598
920
477
798
799
1446
1014
557
573
447
459
2746
719
684
689
547
3921
833
3235
621
811
1722
837
1816
878
1071
567
615
574
2016
538
3600
2731
560
973
561
607
2204
549
529
910
308
833
929
1059
926
563
2846
2062
704
1947
833
1760
974
1333
2815
983
338
486
998
479
1898
593
647
465
544
665
1371
5789
4648
422
1214
574
393
802
777
5205
643
402
513
552
931
1043
616
560
562
841
1398
2455
3039
2967
2077
593
2959
670
516
576
513
2749
1336
560
2748
1658
1250
792
1250
1052
924
2088
1426
796
553
1326
901
1140
2389
603
1574
1768
582
556
2525
532
1812
3745
669
661
961
1510
2151
1009
5568
1084
1557
875
6156
4853
1967
1374
717
866
1861
875
670
750
742
15134
4151
691
605
438
4940
2121
547
797
821
842
1145
906
2037
3794
3018
524
734
639
898
511
903
3475
349
453
695
545
467
805
2428
582
3816
579
588
1489
483
1404
5529
579
2934
847
486
824
578
1093
3660
1783
2273
2240
581
903
536
667
1590
627
4639
418
639
959
635
361
466
1189
704
2446
2372
1991
2235
755
635
602
568
770
853
1498
568
567
580
877
565
1570
591
465
1750
505
333
2566
571
565
473
835
567
1117
2873
734
725
932
548
406
2284
725
1779
592
699
413
826
1011
651
771
1015
4351
505
2740
582
653
517
1874
1623
455
2294
3092
4110
911
411
654
514
407
775
598
749
1400
567
550
583
4601
2849
774
467
1223
579
617
501
552
3857
763
1537
1201
702
1924
574
601
4392
3853
1097
847
479
582
638
585
1690
1597
2819
496
1565
590
795
804
2209
744
3726
2117
569
683
1964
566
567
785
785
700
5603
1705
637
787
591
668
1805
3722
6779
916
641
2831
730
518
610
795
6495
780
363
2537
438
377
814
5806
2540
758
856
711
480
1561
2003
680
560
722
779
2164
2993
3084
509
565
6487
582
2767
658
1468
1134
897
655
567
627
783
695
747
594
565
274
888
1533
3094
619
759
1143
586
855
567
3666
384
931
2982
595
785
2896
1225
898
4062
2994
1271
639
3839
1351
3695
1311
1382
582
583
489
699
742
547
718
551
616
639
578
1161
1280
1700
1020
848
821
1462
553
693
729
2564
832
460
649
626
584
1972
3211
417
729
1199
594
3278
554
580
1856
1076
1389
1420
525
827
595
828
558
4079
543
759
2529
909
554
398
1276
6822
2769
1609
3067
452
1863
6845
361
892
7603
2191
811
546
1114
5169
719
1214
579
1710
2382
1883
549
4281
1444
411
870
635
421
4384
523
625
2827
4867
535
653
430
3473
6714
3050
534
3436
2503
1536
5720
1040
697
991
980
1358
1519
707
1412
582
1298
331
458
598
1896
1211
489
1788
1386
620
2648
284
506
562
466
436
672
1877
4252
543
5439
581
715
527
305
582
3844
638
578
608
651
4432
1968
1558
565
658
1008
626
873
599
467
485
551
601
856
3521
3178
2661
583
900
561
861
7237
545
2025
1545
475
762
594
725
2326
582
2630
813
427
583
533
750
1081
1395
944
875
706
1060
713
1388
868
627
584
398
575
759
2025
815
2518
1422
6653
2262
571
775
447
1981
918
1489
2572
582
663
1925
6751
4440
675
3629
583
900
674
541
668
382
568
11012
3445
2116
292
552
528
755
672
2556
1681
828
636
753
1950
521
3863
785
1216
309
533
2352
1083
789
1863
3246
1396
873
1432
1741
373
586
563
769
766
4155
900
574
724
4840
1081
445
749
558
537
3403
582
1672
560
601
1902
674
612
551
808
5895
571
1844
797
621
805
533
556
866
582
1149
4249
666
545
2028
2265
8290
478
2164
893
1446
574
1366
1326
479
948
2750
669
566
756
268
651
705
639
1483
5629
595
859
694
809
621
585
627
1264
4333
417
583
555
631
1467
3231
1017
540
3910
257
670
766
895
801
3268
524
2367
978
2369
896
573
675
2145
1191
1449
582
3838
3602
570
844
790
3252
457
1556
584
2420
2705
567
382
1460
572
744
511
1694
3104
655
1734
408
901
1193
616
498
739
619
858
985
558
279
2112
499
625
1560
729
823
503
454
940
1108
649
552
1005
479
550
5326
458
811
549
913
820
373
628
719
2091
517
1743
889
1199
1052
1822
644
1588
905
961
1205
789
1457
1944
477
1374
611
774
579
997
757
605
2251
881
765
1246
3245
1350
1636
1746
1002
739
580
535
846
569
595
493
558
456
514
2641
498
922
2440
688
837
3615
582
873
567
332
3463
781
517
4351
1865
582
615
2632
766
466
1898
583
1938
577
722
1053
666
568
439
1001
954
5820
497
381
714
683
1331
391
671
901
284
764
391
1210
4499
2575
2008
2434
2238
595
1841
595
280
1830
771
1099
617
1996
1495
1342
701
1342
951
711
543
2142
814
1709
843
344
523
582
587
1292
612
3667
260
424
897
703
2016
788
572
2123
770
966
1157
890
1305
1012
762
858
464
2020
1461
556
549
1047
909
1732
760
4780
988
255
613
1333
1012
589
1342
1417
1031
3234
1187
801
1999
3504
1515
2316
2811
726
481
546
1393
2469
6892
901
754
1345
1785
696
2072
1616
636
563
465
1699
879
4228
1825
799
584
1493
818
3352
540
547
2145
3292
488
1065
444
616
499
866
385
1681
588
581
416
538
442
751
936
593
548
1416
5796
505
713
545
622
1081
517
1751
572
1317
1615
412
615
1023
566
848
696
891
3178
846
525
1833
1473
794
849
832
773
2182
582
1408
2029
816
1179
580
573
539
1240
868
540
707
1346
1030
428
736
552
4220
723
562
415
712
887
564
722
1887
791
577
732
892
3672
2381
565
1533
1319
575
529
518
702
587
3020
3677
850
4812
562
2031
843
546
574
13841
1395
1428
601
458
578
569
964
1502
454
4345
791
459
644
639
1814
930
6384
591
587
792
432
1020
582
537
1677
502
582
1741
537
761
1935
617
953
2717
625
2548
1065
13203
712
405
931
544
571
788
609
558
2386
618
3660
544
2385
682
2368
724
727
1823
477
3637
2776
736
1767
878
3621
2013
4729
447
727
566
780
3675
591
504
380
590
3016
3849
588
387
392
661
480
3110
4166
4753
581
5905
762
851
249
2459
558
570
984
613
991
802
589
583
544
675
893
599
1173
1448
534
799
7976
4862
578
771
561
688
2564
617
551
928
734
851
746
593
1730
595
779
502
900
649
583
776
741
489
510
1336
523
2571
511
581
1962
1837
5956
2083
1816
493
568
891
728
565
640
1339
424
570
1573
2458
348
561
752
1479
569
349
1140
3087
534
577
732
494
2641
2606
1601
1277
729
3632
428
902
5514
486
427
1735
636
549
518
473
376
692
438
1693
757
419
568
591
2928
588
685
1391
891
1605
555
2441
503
879
588
3418
1258
570
2929
546
601
640
414
527
781
594
475
940
306
668
1459
544
483
532
1702
493
557
579
1113
574
2103
676
719
862
444
505
546
639
408
2055
718
850
746
1569
869
5337
559
4068
420
686
543
493
1020
680
947
378
2109
475
1114
1062
410
3977
764
628
458
592
582
1916
776
741
667
722
424
1107
2540
1124
897
779
333
762
871
673
583
806
572
458
728
525
543
541
813
2094
420
599
2173
2502
728
572
571
1965
711
540
1019
566
563
404
958
560
559
2633
585
1493
570
796
1049
559
1047
4499
603
1374
854
2572
2522
959
318
1232
478
726
3097
739
917
1019
965
805
2272
1969
622
685
797
1557
686
4067
2067
3226
689
3397
2569
1000
648
1246
650
5177
580
889
594
2785
651
548
742
1622
2239
852
746
568
544
627
4208
724
468
573
775
716
1317
548
3638
518
549
587
2441
1010
1531
407
1029
512
656
848
594
1467
750
796
1193
534
592
708
495
670
1843
466
930
1580
580
705
825
568
574
2610
1609
584
689
232
557
2178
585
881
855
575
2246
583
909
481
618
687
668
447
747
716
1068
530
598
331
811
1220
2128
1719
411
993
1966
652
838
516
1716
1502
2541
1616
1902
707
2718
577
2437
815
409
1654
895
742
1948
3684
520
1144
2879
4638
169
1554
1285
558
820
3536
513
533
989
1002
653
411
809
388
598
864
359
566
1612
680
709
866
678
458
667
586
984
589
610
595
396
550
6223
507
1291
645
2220
286
549
1779
3569
582
3510
1330
1049
479
2885
446
872
388
582
9740
796
631
496
792
606
668
1546
2624
718
683
2010
723
1546
492
5316
727
552
858
551
278
774
2996
560
803
890
548
716
1922
751
421
499
2154
570
539
799
730
730
341
649
543
1040
681
2896
955
401
809
500
786
779
879
1383
1900
536
844
1327
553
555
491
899
1064
1089
442
3963
854
2250
1119
836
469
1227
895
1492
627
1694
711
534
772
863
573
659
572
584
4773
1311
480
2471
591
1607
694
554
1048
1090
880
570
4431
588
1081
1239
563
503
4080
2046
6282
595
3847
958
1022
823
381
1577
686
4232
3000
553
586
561
576
561
663
1278
588
1012
481
639
936
1693
838
746
2492
1228
544
701
577
5237
466
650
562
489
1984
672
587
1262
764
1877
591
551
979
894
815
821
619
1176
3205
4992
479
1659
344
800
752
852
1219
647
3281
626
501
505
550
1472
2850
1002
504
1630
961
631
1071
543
534
843
512
631
750
491
761
2270
942
733
836
3115
1215
777
674
886
1814
3326
599
352
2083
314
800
653
499
403
2034
3845
713
423
629
3039
388
1298
452
793
895
431
657
603
3911
568
672
557
585
581
586
859
653
382
662
666
669
811
777
765
4739
975
819
856
861
580
577
1667
1147
831
3014
457
546
491
390
533
713
2385
672
876
1012
1850
742
628
537
582
2191
931
510
1300
533
539
868
713
601
879
859
928
840
2703
924
563
2552
1613
745
899
2755
1540
567
2583
5857
838
340
585
627
595
1581
737
988
745
1135
894
648
615
1073
1291
694
504
1667
815
750
922
587
791
563
529
576
559
4151
571
747
564
548
2056
1687
2531
1315
642
564
2567
3248
4084
552
1104
3176
524
731
515
690
1207
863
502
651
552
3399
1349
1084
580
588
5142
446
1409
900
1852
612
341
357
1834
601
4752
1052
891
707
3480
502
1100
1823
554
581
3021
4004
1665
474
721
611
527
1912
1085
578
529
601
2967
784
1584
3845
433
2555
653
492
1458
667
2955
948
2567
808
632
446
2051
883
1487
435
782
1925
833
1037
1635
2983
1324
725
1084
744
399
570
1217
642
1360
1154
5055
5238
639
480
1918
2049
163
540
949
734
541
670
441
560
342
593
2200
1057
1967
1220
510
633
925
1383
636
444
431
407
493
1737
2332
500
1333
498
682
554
745
747
1392
684
582
947
969
758
2557
393
848
354
782
1172
919
530
3309
1897
634
846
380
1641
2011
2691
2286
915
2285
586
2210
2327
2698
827
1077
1190
520
3766
850
538
2404
3132
1982
923
518
950
731
514
528
2219
867
848
712
469
648
1061
674
1953
696
2250
454
561
628
1809
498
843
653
1929
3335
1203
3085
456
560
633
774
315
4895
483
1838
532
806
553
1766
303
535
263
815
881
443
1447
1493
1725
551
3378
4372
579
583
819
1161
660
583
676
429
447
463
1718
679
426
3075
1441
3479
682
893
873
1265
1610
582
1639
2297
575
551
612
979
554
2238
495
2273
1311
6107
522
3111
1635
338
1767
1269
1585
1600
594
550
1328
2269
574
666
444
496
763
1011
497
4686
1260
1559
1025
591
1153
778
2078
2396
3331
1743
521
2524
568
5505
3485
2742
590
2239
1826
612
549
2265
2352
1670
909
1974
1975
3091
709
2274
4227
2261
1520
1042
2330
643
2159
504
687
349
1110
941
2208
2714
1737
1730
694
1701
1595
823
642
856
1187
819
3135
524
1128
897
3921
3009
1978
1128
1669
2539
5282
911
306
1359
945
3442
994
3229
787
5833
492
882
597
541
991
727
4776
556
795
832
1087
1936
3152
834
1837
1604
2623
2401
4740
3837
832
2100
734
712
439
847
3605
553
1507
1987
4255
1891
7274
979
871
2366
1044
509
615
2925
1092
1756
739
918
520
827
872
5332
738
288
612
539
1727
864
2689
1024
797
918
896
1146
4478
1448
763
2000
712
1503
4304
685
1130
3791
542
693
6106
607
1005
8838
808
2477
1599
1271
1923
3340
1139
1153
1128
1518
648
596
2613
941
1233
1807
930
914
1187
2769
727
731
2012
6750
1085
2122
4722
4138
2757
813
1498
672
1918
5633
1438
579
554
852
852
859
937
855
3433
899
573
697
704
645
1239
773
899
579
1002
775
856
553
2453
2383
747
572
627
8064
1061
1945
2275
5287
888
941
3369
1321
720
611
1445
900
1179
541
1293
1753
581
968
692
865
3846
440
936
873
2564
726
753
898
966
619
1480
715
1151
528
627
415
1074
935
1024
7685
1465
666
831
988
1590
972
760
1356
8764
5608
4676
2583
2199
604
674
2907
1283
823
637
755
643
795
839
853
6333
764
796
1118
2057
800
2677
3323
815
1837
448
4053
588
577
6785
770
2473
932
3112
1973
962
2788
724
1636
681
2037
1144
4734
3875
951
2890
379
2148
740
3111
771
384
788
1476
333
2408
3525
6204
773
640
657
6386
1193
657
1942
595
590
568
1131
2878
755
1289
519
738
600
1857
916
261
3758
592
548
674
694
912
2575
1870
2081
1978
2789
2516
338
3308
1879
747
739
789
1280
2184
883
451
2116
1438
975
578
720
1571
331
904
583
584
787
931
647
810
872
3191
1056
711
928
1660
1379
2019
4741
666
569
798
2737
650
777
2811
1598
721
567
462
770
688
1869
591
475
1058
579
675
799
362
1134
888
2222
1591
543
516
753
564
714
1600
828
1381
2834
2267
753
1242
1628
1509
1950
2409
704
920
1811
2658
640
992
719
1824
391
580
652
891
1702
2988
562
2712
605
1947
1539
2205
733
3998
857
7771
817
3594
734
518
2272
2233
765
4457
931
852
683
1065
6272
773
2906
954
719
4704
428
1270
1889
2380
1480
12401
1247
3838
948
2497
601
1077
1271
341
609
691
1130
658
666
451
877
2075
1493
2443
3177
2875
472
1701
869
4004
838
823
872
3716
2026
1229
4407
1573
1620
1258
2363
7256
5205
957
4820
2692
784
4529
720
752
1511
703
1439
836
3213
4339
4476
2800
1886
3478
1636
977
962
2611
786
4844
1972
2445
3292
757
6852
399
562
3318
4640
3936
449
913
3126
1511
1164
2027
2919
680
618
628
758
713
935
537
1085
696
5452
3380
568
2844
1096
7824
2693
5211
4030
1130
1492
1137
528
5138
737
979
2221
406
723
1970
1062
798
1186
1150
784
2977
3793
2432
1292
3165
7672
572
1536
1963
808
1967
529
5977
619
1697
862
994
3191
6320
843
570
597
526
599
8375
783
843
966
713
847
816
1240
949
1652
1893
817
871
472
864
2694
1248
811
909
792
1336
746
956
1042
1542
684
207
681
784
346
297
1378
1812
525
1141
